20101001,174.4,233.8,53.2,7.9,3.0
20101002,193.4,249.9,53.4,4.8,3.6
20101002,143.6,210.5,53.0,10.8,6.1
20101003,189.6,249.4,53.0,4.0,3.7
20101003,145.2,206.1,53.1,3.4,5.0
20101003,164.8,247.0,54.8,0.0,0.0
20101004,178.2,253.0,52.7,3.2,3.4
20101004,185.4,244.3,53.0,2.4,3.2
20101004,122.6,192.3,53.5,5.1,4.5
20101005,179.9,239.0,51.8,1.3,4.2
20101006,nan,nan,nan,nan,nan
20101006,202.1,245.1,53.2,4.6,3.1
20101006,154.2,222.6,52.3,2.5,1.6
20101006,166.9,251.6,52.9,4.6,5.6
20101007,201.2,239.4,53.1,5.0,2.9
20101007,138.8,219.5,53.4,3.2,2.0
20101007,160.6,230.6,53.1,5.7,3.2
20101008,202.6,247.6,53.9,4.2,2.7
20101008,149.3,219.4,52.8,8.6,5.2
20101008,185.0,243.5,52.6,2.2,0.3
20101008,119.7,205.2,52.9,2.0,4.0
20101009,127.6,207.8,53.1,3.0,3.6
20101010,125.2,208.3,52.8,4.6,4.7
20101017,192.1,244.9,54.2,3.0,0.2
20101017,173.0,238.7,52.9,4.6,2.8
20101018,188.9,247.4,54.3,1.0,0.8
20101018,186.7,250.1,53.0,3.9,3.8
20101018,156.5,230.5,53.0,4.3,3.0
20101019,160.2,235.3,52.8,4.8,5.6
20101019,205.9,249.0,53.5,4.0,1.0
20101019,185.4,243.1,53.0,5.1,4.6
20101020,164.7,232.3,53.2,3.7,5.3
20101031,nan,nan,nan,nan,nan
20101031,147.5,217.9,53.0,4.5,3.8
20101031,nan,nan,nan,nan,nan
20101101,205.6,254.8,53.8,1.1,0.9
20101101,162.3,217.6,52.3,8.9,5.2
20101101,167.2,231.2,53.2,6.9,5.4
20101101,194.0,243.8,52.9,4.9,4.3
20101101,194.5,245.5,52.6,3.4,4.1
20101102,185.9,232.7,52.9,6.6,4.8
20101102,176.8,238.4,52.8,4.2,5.0
20101102,202.1,249.2,53.4,4.0,2.7
20101102,203.5,247.9,52.8,6.2,3.2
20101102,209.4,247.4,54.3,2.8,0.3
20101102,176.6,244.6,53.2,5.7,2.0
20101102,nan,nan,nan,nan,nan
20101103,194.7,237.8,53.0,3.6,2.6
20101103,173.7,239.2,52.2,4.5,3.7
20101103,194.4,245.3,53.0,3.3,1.8
20101103,203.5,250.3,53.0,4.4,3.0
20101103,172.4,243.0,53.5,10.1,4.8
20101104,171.9,240.0,53.1,4.1,4.6
20101105,174.7,243.7,53.4,2.2,5.2
20101105,187.0,244.3,53.5,2.2,1.3
20101105,200.8,249.4,53.0,6.0,4.5
20101106,192.8,245.5,52.9,4.4,5.0
20101106,211.8,250.9,52.8,3.7,3.8
20101106,187.2,247.2,53.4,5.1,3.9
20101106,nan,nan,nan,nan,nan
20101107,188.0,246.2,53.2,4.4,5.6
20101107,162.4,239.2,53.0,3.6,4.3
20101107,210.3,253.2,53.1,6.0,4.5
20101107,204.8,253.2,53.0,3.0,2.9
20101108,194.1,247.0,52.9,4.4,5.8
20101108,215.1,253.0,53.0,3.6,3.3
20101108,189.5,245.8,53.2,4.4,4.4
20101108,169.6,244.6,52.8,3.7,3.2
20101108,165.2,234.8,53.1,6.3,3.2
20101108,160.5,236.5,52.7,3.8,4.0
20101108,149.5,231.1,52.9,3.2,4.8
20101108,199.5,254.7,53.1,7.5,2.8
20101108,210.9,256.4,52.7,4.6,2.6
20101108,213.3,252.8,52.5,4.0,2.3
20101109,210.6,248.8,52.9,9.6,2.9
20101109,212.3,248.2,53.3,4.0,2.0
20101109,226.3,257.8,52.7,6.2,6.1
20101109,232.9,258.6,53.7,3.4,4.6
20101110,199.5,244.7,52.8,4.2,4.4
20101110,216.2,252.5,53.2,4.5,2.0
20101110,220.9,254.5,52.3,1.6,4.3
20101110,235.2,255.6,52.3,4.9,6.1
20101110,170.2,231.1,53.1,4.8,2.4
20101110,160.3,227.1,53.0,2.7,3.0
20101110,143.5,224.4,53.0,5.1,3.9
20101110,186.8,239.6,53.2,4.8,6.6
20101110,184.4,239.7,52.9,4.7,3.2
20101110,201.9,248.0,53.1,4.1,2.4
20101111,202.7,241.4,53.4,5.9,3.0
20101111,214.8,248.2,52.9,4.4,3.4
20101111,219.7,255.6,52.9,3.6,4.3
20101111,237.9,259.5,53.1,4.7,6.8
20101112,nan,nan,nan,nan,nan
20101113,143.0,218.2,53.0,6.1,4.0
20101114,nan,nan,nan,nan,nan
20101114,216.2,255.7,52.9,3.7,4.7
20101114,209.9,256.0,52.9,4.3,2.5
20101114,215.2,254.3,53.0,4.4,2.4
20101115,199.0,243.2,53.2,4.1,3.7
20101115,211.0,249.1,53.1,4.2,5.8
20101115,216.8,253.1,52.9,4.5,2.8
20101115,208.0,248.2,52.9,4.8,2.1
20101115,201.4,249.6,52.4,2.9,3.7
20101115,211.1,253.5,53.2,5.6,4.1
20101116,195.8,243.6,52.0,5.8,1.6
20101116,nan,nan,nan,nan,nan
20101116,210.1,260.3,55.0,0.0,0.0
20101116,203.5,247.9,53.7,2.2,4.5
20101116,201.9,247.8,52.4,3.3,3.3
20101116,216.6,250.4,51.9,1.0,0.0
20101116,221.9,259.1,53.0,3.2,3.4
20101116,209.1,254.5,53.1,5.6,5.1
20101116,218.8,253.4,52.9,3.4,2.9
20101116,219.5,255.3,53.2,4.0,2.5
20101116,201.5,253.5,52.9,2.5,3.4
20101116,221.1,255.3,52.4,5.0,2.4
20101116,210.5,242.6,52.4,0.6,2.6
20101116,233.9,253.9,51.2,0.0,0.0
20101116,206.2,249.6,52.6,4.4,0.7
20101117,205.1,239.6,53.5,6.1,3.3
20101117,219.2,250.1,53.4,3.3,4.3
20101117,223.0,255.1,52.5,2.4,2.9
20101117,211.1,247.7,52.4,4.9,4.7
20101117,220.1,247.7,53.4,3.9,4.6
20101117,215.6,249.5,53.1,3.1,2.1
20101117,207.2,241.0,52.6,3.5,2.9
20101117,216.0,240.1,53.0,3.6,3.1
20101117,220.8,247.8,53.6,4.7,5.6
20101117,237.1,257.9,53.6,2.4,2.1
20101117,219.2,249.1,53.2,6.6,4.4
20101117,206.0,252.9,52.9,4.8,2.5
20101118,196.3,244.2,53.5,3.7,2.6
20101118,207.2,238.8,53.2,2.4,3.4
20101118,215.9,242.1,53.2,4.4,2.1
20101118,238.0,261.0,53.4,4.7,5.3
20101118,224.0,252.8,53.1,2.4,3.7
20101118,207.9,253.9,53.0,6.4,3.4
20101118,192.1,249.1,52.3,2.4,3.9
20101118,nan,nan,nan,nan,nan
20101118,222.4,247.9,54.9,0.3,0.1
20101118,236.4,266.7,53.4,1.4,2.4
20101118,nan,nan,nan,nan,nan
20101118,224.1,253.0,53.1,3.9,3.5
20101118,210.2,241.0,54.6,0.9,0.9
20101118,215.8,240.4,52.7,3.7,3.7
20101118,210.2,239.7,53.1,3.2,2.1
20101118,196.7,246.5,53.3,2.3,1.4
20101118,174.3,237.7,53.3,5.9,3.8
20101118,154.5,227.8,52.2,5.0,4.8
20101119,210.5,248.7,53.6,4.0,2.8
20101119,218.7,251.4,51.2,0.0,0.0
20101119,213.9,240.8,51.2,0.0,0.0
20101119,205.0,248.4,53.6,2.8,1.9
20101119,199.3,242.3,52.3,2.5,3.3
20101119,209.3,240.2,53.1,7.7,3.9
20101119,216.5,242.9,52.9,2.2,2.8
20101119,241.2,256.3,53.1,4.4,5.0
20101119,222.0,251.6,53.4,2.3,4.4
20101119,203.0,250.4,53.2,3.5,3.0
20101119,190.3,244.9,53.0,4.1,4.5
20101119,214.7,252.2,53.4,4.5,1.6
20101119,201.3,251.9,52.8,3.1,2.8
20101120,209.3,243.5,52.7,1.6,4.8
20101120,216.8,246.3,53.2,5.0,2.8
20101120,208.4,240.3,53.0,2.8,2.8
20101120,208.6,245.8,52.4,4.2,3.1
20101120,216.0,250.6,53.1,3.1,4.6
20101120,206.8,256.7,53.5,3.6,3.0
20101120,177.4,244.1,52.3,7.2,5.1
20101120,200.7,246.4,53.2,3.5,3.1
20101121,201.3,246.7,52.8,3.9,3.6
20101121,192.2,246.5,53.2,2.4,4.1
20101121,224.0,257.1,52.7,3.3,2.9
20101121,211.0,255.4,53.2,5.0,3.6
20101122,199.3,246.8,52.6,2.1,2.7
20101122,212.5,242.3,53.2,3.4,3.9
20101122,214.0,246.4,53.5,2.3,3.3
20101122,229.0,255.5,52.9,6.7,5.2
20101122,212.6,245.2,53.3,2.9,3.9
20101122,221.8,254.4,53.0,3.0,1.8
20101122,211.6,253.1,53.4,4.8,3.2
20101123,201.6,235.3,53.1,4.2,5.7
20101123,211.6,246.7,53.7,3.0,2.8
20101123,227.2,251.3,52.7,1.2,4.8
20101123,217.2,254.9,53.5,1.6,4.3
20101124,196.2,234.9,52.7,5.9,3.4
20101124,205.3,243.5,53.0,5.1,2.6
20101124,218.2,250.9,53.4,2.3,2.1
20101124,213.4,248.6,52.6,2.8,2.0
20101124,218.2,253.8,53.1,4.8,3.2
20101124,212.3,254.2,53.1,4.9,3.3
20101124,201.6,239.7,53.4,0.3,0.2
20101124,210.2,248.3,53.0,4.7,3.2
20101124,212.2,252.7,53.1,5.9,5.8
20101124,218.2,253.8,53.1,4.8,3.2
20101125,208.9,243.7,53.0,5.6,3.2
20101126,208.7,248.2,54.3,0.6,3.0
20101126,213.6,250.5,53.0,4.3,3.1
20101126,216.2,254.5,53.0,2.9,3.7
20101126,222.8,253.7,53.0,5.3,3.6
20101126,185.7,242.9,53.0,3.8,2.3
20101126,140.2,228.1,53.1,3.7,1.8
20101126,142.6,200.7,52.6,3.4,5.9
20101127,221.7,253.9,53.1,4.7,6.4
20101127,212.3,248.9,52.7,6.7,5.5
20101128,222.4,246.6,51.9,0.3,1.4
20101128,nan,nan,nan,nan,nan
20101128,192.8,242.5,52.8,4.4,3.4
20101128,154.5,233.1,52.9,1.9,3.2
20101128,147.8,225.6,53.0,4.3,4.9
20101129,217.1,252.6,53.3,3.3,3.6
20101129,206.1,242.5,53.5,4.1,5.3
20101130,227.3,252.4,53.1,4.9,3.5
20101130,226.4,257.3,53.4,4.0,3.8
20101130,228.4,251.3,53.5,2.2,3.6
20101130,241.9,256.2,52.1,4.8,3.8
20101201,213.3,246.3,54.1,2.3,5.6
20101202,216.2,249.9,53.0,2.2,4.5
20101202,217.4,246.5,53.2,4.4,4.8
20101202,230.8,252.8,52.8,1.6,1.2
20101202,nan,nan,nan,nan,nan
20101202,233.4,253.6,53.0,3.2,0.6
20101202,205.6,246.9,53.4,2.9,3.6
20101202,216.2,248.2,52.9,2.9,2.9
20101202,207.5,247.2,53.0,4.6,6.2
20101202,218.0,257.8,52.6,5.2,8.1
20101203,221.7,254.1,54.0,2.5,3.1
20101203,223.0,255.9,53.6,2.2,2.8
20101203,224.9,251.5,53.0,4.9,8.0
20101203,184.4,242.2,53.0,6.3,1.8
20101203,216.7,247.3,53.5,5.3,10.9
20101203,224.9,258.9,53.1,4.0,3.6
20101203,204.5,247.2,53.2,3.5,5.0
20101203,237.0,257.0,54.4,2.2,1.9
20101203,235.1,251.9,53.5,1.7,3.0
20101203,223.1,255.0,53.9,1.1,5.0
20101203,221.7,255.3,52.9,4.3,5.1
20101203,220.6,253.0,53.4,3.1,2.8
20101204,220.6,262.4,53.2,4.6,5.3
20101204,220.0,253.6,51.3,0.8,4.3
20101204,210.3,249.2,53.2,4.3,6.4
20101204,218.5,250.3,53.1,3.5,3.2
20101204,211.8,250.3,53.0,4.7,4.4
20101204,220.5,250.0,52.1,1.8,2.2
20101204,214.6,259.6,54.7,0.4,10.2
20101204,228.3,250.7,52.9,3.2,2.6
20101204,226.7,252.4,52.8,4.7,3.1
20101204,213.1,252.0,53.0,4.8,3.2
20101204,219.4,251.0,52.9,3.0,3.4
20101204,205.4,246.4,53.0,3.9,3.3
20101204,209.4,248.3,53.7,1.0,0.2
20101205,196.1,244.9,52.4,4.9,3.2
20101205,218.3,255.0,53.1,5.5,4.3
20101205,225.2,252.4,52.6,4.0,2.9
20101205,207.9,243.5,52.8,7.3,4.2
20101205,237.5,256.1,52.8,5.1,8.8
20101205,237.7,254.1,53.1,4.8,4.2
20101205,221.7,253.5,52.8,3.7,4.2
20101205,227.7,252.8,53.1,12.9,6.4
20101205,227.9,255.8,53.4,7.2,5.9
20101205,200.7,245.7,52.7,4.3,4.0
20101205,225.5,255.1,53.0,4.1,3.1
20101205,213.4,251.7,52.9,3.0,3.1
20101205,207.1,252.3,53.5,6.1,6.7
20101205,222.5,251.7,52.4,3.6,4.2
20101205,225.3,253.6,53.3,6.2,4.9
20101206,nan,nan,nan,nan,nan
20101206,nan,nan,nan,nan,nan
20101206,225.6,253.3,52.0,0.5,5.8
20101206,230.2,253.0,53.0,4.5,3.1
20101206,224.7,251.3,53.0,2.9,3.3
20101206,215.4,250.4,52.9,2.7,3.5
20101206,226.6,248.8,52.1,2.1,2.4
20101206,212.4,252.2,53.0,2.5,2.0
20101206,199.4,250.1,54.2,2.1,2.8
20101206,178.0,232.7,53.0,5.2,3.1
20101206,190.6,235.8,53.1,3.1,3.6
20101206,179.1,240.4,53.1,3.3,2.2
20101206,220.3,252.0,52.7,4.3,3.4
20101206,237.7,253.1,51.6,0.6,0.6
20101206,229.3,252.7,52.8,7.9,4.0
20101206,237.9,254.0,53.1,4.3,4.2
20101206,228.2,249.1,52.6,2.5,3.7
20101206,212.6,253.2,53.6,1.0,0.7
20101206,222.0,252.5,52.6,2.8,4.2
20101206,217.9,248.7,52.9,5.5,4.5
20101206,220.5,246.5,52.8,4.5,5.6
20101207,190.3,233.4,53.1,3.2,2.6
20101207,182.8,246.3,54.2,1.7,1.2
20101207,223.0,255.0,53.0,2.1,2.8
20101207,212.6,252.5,52.9,4.9,4.6
20101207,215.6,255.9,53.4,1.5,1.6
20101207,224.3,258.2,52.4,2.4,3.4
20101207,225.9,257.4,52.9,3.6,7.5
20101207,218.7,256.5,52.9,4.1,4.1
20101207,221.5,256.3,52.7,3.9,5.9
20101207,226.4,254.7,53.2,3.4,3.4
20101207,218.8,252.7,53.9,2.6,1.6
20101207,220.2,256.7,53.1,3.8,1.8
20101207,202.8,251.0,53.0,3.6,5.4
20101207,231.7,251.2,51.2,0.0,0.0
20101207,221.0,254.0,53.8,3.1,3.4
20101207,204.4,247.4,53.0,2.2,3.5
20101207,212.9,253.7,52.9,3.7,2.5
20101207,177.2,232.0,53.6,5.4,4.2
20101207,nan,nan,nan,nan,nan
20101207,222.8,252.3,53.0,4.8,4.3
20101207,222.3,253.7,53.0,1.8,4.3
20101207,196.3,244.8,53.2,2.8,3.9
20101207,220.7,249.8,53.1,2.8,1.9
20101207,190.0,242.2,52.8,4.4,3.9
20101208,220.2,256.6,51.4,1.0,0.3
20101208,229.7,256.2,53.4,4.1,3.3
20101208,222.5,254.9,53.3,5.7,3.2
20101208,219.5,257.0,53.8,1.9,3.7
20101208,223.2,254.0,52.2,2.6,2.0
20101208,204.2,247.1,54.0,1.1,2.6
20101208,nan,nan,nan,nan,nan
20101208,nan,nan,nan,nan,nan
20101208,nan,nan,nan,nan,nan
20101208,nan,nan,nan,nan,nan
20101208,nan,nan,nan,nan,nan
20101208,nan,nan,nan,nan,nan
20101208,nan,nan,nan,nan,nan
20101208,nan,nan,nan,nan,nan
20101208,nan,nan,nan,nan,nan
20101208,nan,nan,nan,nan,nan
20101208,nan,nan,nan,nan,nan
20101208,nan,nan,nan,nan,nan
20101209,200.6,256.1,54.6,5.7,4.0
20101209,nan,nan,nan,nan,nan
20101209,232.1,256.4,53.1,3.5,3.6
20101209,221.7,256.0,52.9,3.2,6.6
20101209,nan,nan,nan,nan,nan
20101209,nan,nan,nan,nan,nan
20101209,nan,nan,nan,nan,nan
20101209,231.4,255.5,53.6,1.5,2.5
20101209,212.9,249.2,54.1,3.7,0.3
20101209,216.1,257.1,52.8,5.3,4.6
20101209,178.4,235.4,53.0,3.3,4.1
20101209,214.4,249.3,53.1,2.4,4.5
20101209,225.1,250.7,53.0,3.5,3.7
20101209,229.0,250.7,53.0,2.3,3.8
20101209,197.9,246.1,53.0,3.7,4.3
20101209,232.5,258.9,52.9,4.0,3.8
20101209,nan,nan,nan,nan,nan
20101209,213.1,245.7,53.1,3.2,4.2
20101209,181.4,236.8,53.0,2.2,3.3
20101209,172.2,226.6,53.0,2.4,3.6
20101209,170.9,228.8,53.0,3.6,3.2
20101209,nan,nan,nan,nan,nan
20101209,193.6,235.4,52.7,0.7,2.2
20101209,220.5,254.5,53.0,2.5,2.3
20101209,215.0,252.0,53.2,4.8,1.6
20101209,223.9,247.8,53.9,1.7,1.8
20101209,232.4,253.3,52.5,2.0,2.4
20101209,nan,nan,nan,nan,nan
20101209,nan,nan,nan,nan,nan
20101209,220.0,253.2,52.9,4.0,7.7
20101209,216.0,255.2,53.6,2.4,6.9
20101209,222.3,256.7,52.4,3.8,5.2
20101209,200.6,256.1,54.6,5.7,4.0
20101209,200.0,250.6,54.2,5.1,3.8
20101209,175.9,238.8,51.8,7.3,7.2
20101209,nan,nan,nan,nan,nan
20101209,nan,nan,nan,nan,nan
20101209,nan,nan,nan,nan,nan
20101210,192.9,241.0,53.1,4.4,4.4
20101210,197.9,243.6,52.5,3.6,3.0
20101210,215.3,251.0,53.1,2.6,4.7
20101210,217.3,251.8,54.5,3.3,3.5
20101210,229.8,259.9,54.9,1.9,2.8
20101210,227.2,262.8,53.2,2.9,3.1
20101210,216.1,255.6,52.8,3.4,5.5
20101210,214.6,255.5,52.7,1.9,2.1
20101210,178.6,233.6,51.5,1.8,1.3
20101210,213.3,249.5,53.1,3.5,3.9
20101210,222.3,254.1,53.6,2.3,3.9
20101210,235.4,264.3,54.8,0.0,0.0
20101210,210.9,248.6,53.0,4.6,1.3
20101210,227.2,250.7,53.1,3.2,3.9
20101210,234.8,253.6,53.0,3.8,3.7
20101210,225.2,248.2,53.1,3.4,4.9
20101210,221.9,252.5,53.0,4.1,3.6
20101210,229.8,259.9,54.9,1.9,2.8
20101210,213.3,249.5,53.1,3.5,3.9
20101210,211.9,242.4,54.3,2.7,0.9
20101210,nan,nan,nan,nan,nan
20101210,nan,nan,nan,nan,nan
20101210,nan,nan,nan,nan,nan
20101211,nan,nan,nan,nan,nan
20101211,nan,nan,nan,nan,nan
20101211,nan,nan,nan,nan,nan
20101211,nan,nan,nan,nan,nan
20101211,210.8,250.1,54.4,1.7,3.6
20101211,nan,nan,nan,nan,nan
20101211,211.2,251.0,53.1,2.3,2.3
20101211,186.5,246.1,52.9,4.6,4.6
20101211,186.1,240.6,53.0,3.7,5.8
20101211,203.7,250.0,53.0,3.0,5.3
20101211,209.5,250.8,53.2,2.6,3.4
20101211,203.3,247.5,52.9,3.6,3.0
20101211,218.9,253.4,52.8,2.6,3.0
20101211,214.7,249.7,53.2,3.6,2.3
20101211,223.1,250.3,52.6,3.0,3.5
20101211,223.4,250.5,53.0,4.5,3.4
20101211,211.2,243.5,51.8,1.0,1.3
20101211,224.1,257.6,51.6,1.4,0.9
20101211,nan,nan,nan,nan,nan
20101211,nan,nan,nan,nan,nan
20101211,nan,nan,nan,nan,nan
20101211,nan,nan,nan,nan,nan
20101211,nan,nan,nan,nan,nan
20101211,nan,nan,nan,nan,nan
20101211,nan,nan,nan,nan,nan
20101211,nan,nan,nan,nan,nan
20101211,nan,nan,nan,nan,nan
20101212,210.9,246.0,53.4,4.7,3.7
20101212,215.8,250.0,53.0,2.1,4.3
20101212,231.0,254.8,53.3,3.5,3.4
20101212,219.1,249.5,53.0,4.6,5.7
20101212,217.4,246.1,53.1,4.9,2.7
20101212,223.9,247.2,53.7,0.7,1.6
20101212,217.2,258.5,52.5,1.9,4.4
20101212,nan,nan,nan,nan,nan
20101212,nan,nan,nan,nan,nan
20101212,nan,nan,nan,nan,nan
20101212,nan,nan,nan,nan,nan
