
20101001,174.2,233.7,53.2,6.2,3.2

20101002,195.1,247.9,53.3,5.3,4.3

20101002,132.3,205.5,52.8,2.9,4.9

20101003,188.3,250.7,53.0,3.0,3.8

20101003,144.4,206.5,53.1,3.8,5.0

20101003,164.5,248.8,54.8,0.0,0.0

20101004,180.0,252.2,52.5,2.0,3.8

20101004,185.3,245.6,52.9,2.3,3.2

20101004,120.7,196.1,54.5,2.8,1.3

20101005,182.9,237.0,52.4,0.2,6.4

20101006,nan,nan,nan,nan,nan

20101006,202.1,245.5,53.1,3.7,2.7

20101006,153.1,222.4,52.3,2.6,1.7

20101006,168.6,243.3,52.5,0.6,0.4

20101007,201.1,240.5,52.9,5.0,3.2

20101007,136.9,220.2,53.3,4.1,1.5

20101007,156.7,231.6,53.2,2.3,2.9

20101008,203.4,247.3,53.7,4.2,2.6

20101008,148.5,216.5,53.0,6.8,4.4

20101008,183.6,243.1,52.6,2.3,0.2

20101008,119.1,207.3,53.0,1.8,3.4

20101009,124.8,199.4,51.3,0.0,0.0

20101010,123.8,208.4,52.8,4.0,3.6

20101017,nan,nan,nan,nan,nan

20101017,172.9,238.9,52.8,5.1,2.9

20101018,190.2,243.7,54.3,1.3,0.6

20101018,183.2,248.6,52.9,4.7,4.2

20101018,156.7,231.7,52.8,4.1,3.0

20101019,159.6,233.0,52.2,4.7,2.9

20101019,205.6,249.9,53.5,4.0,1.1

20101019,185.3,241.8,52.8,5.8,4.9

20101020,156.6,242.4,54.9,0.0,0.0

20101031,nan,nan,nan,nan,nan

20101031,147.5,217.6,52.9,4.8,4.3

20101031,189.6,245.9,53.1,4.7,0.9

20101101,205.6,254.2,53.8,1.1,0.9

20101101,158.8,211.4,53.2,4.9,4.9

20101101,170.9,234.1,52.8,3.3,4.1

20101101,195.2,242.5,52.3,5.0,5.8

20101101,191.5,250.8,51.9,2.1,2.6

20101102,181.2,231.6,53.0,3.5,1.7

20101102,174.8,237.9,53.0,4.5,4.8

20101102,198.2,249.9,53.9,3.3,3.9

20101102,203.5,249.4,52.7,6.0,2.6

20101102,209.7,249.8,54.3,2.5,0.3

20101102,177.8,245.4,52.9,6.4,2.2

20101102,205.6,255.7,53.3,3.7,1.9

20101103,193.4,238.5,53.0,4.3,2.8

20101103,171.0,239.8,52.2,2.1,1.8

20101103,193.6,246.4,53.1,2.5,1.9

20101103,200.0,250.4,52.6,3.2,2.5

20101103,166.0,243.8,54.0,1.4,5.1

20101104,172.0,243.6,53.2,3.9,5.7

20101105,174.8,246.1,53.7,2.1,5.2

20101105,nan,nan,nan,nan,nan

20101105,197.3,247.2,52.4,4.2,3.2

20101106,193.8,246.7,53.0,4.9,4.8

20101106,213.1,251.3,52.5,3.9,4.0

20101106,182.0,243.1,53.9,5.0,1.9

20101106,nan,nan,nan,nan,nan

20101107,186.9,248.8,53.0,3.3,5.9

20101107,161.3,239.1,52.9,2.0,3.3

20101107,207.8,250.1,53.5,4.5,4.1

20101107,206.1,253.8,52.7,3.6,3.4

20101108,194.6,247.7,52.7,3.8,5.4

20101108,213.6,252.0,52.7,3.2,3.5

20101108,190.0,246.3,53.0,6.0,2.7

20101108,167.7,246.7,52.8,4.1,3.1

20101108,165.3,235.5,53.0,6.2,3.0

20101108,161.2,237.4,52.7,3.6,4.3

20101108,150.0,232.5,52.8,3.3,4.6

20101108,206.3,255.5,53.0,2.3,1.9

20101108,217.7,256.8,51.4,1.2,3.7

20101108,212.5,252.6,52.0,0.8,0.0

20101109,207.4,249.7,53.0,9.1,3.9

20101109,209.2,247.9,52.7,3.3,1.0

20101109,224.5,257.3,52.8,4.0,5.3

20101109,233.4,259.1,53.4,2.8,4.1

20101110,201.5,246.0,51.9,3.5,5.1

20101110,nan,nan,nan,nan,nan

20101110,221.1,250.2,52.7,1.1,0.3

20101110,236.4,256.2,51.5,4.2,7.0

20101110,170.6,231.5,53.1,4.2,2.4

20101110,160.2,228.0,53.0,2.6,3.2

20101110,144.7,225.4,53.1,4.6,4.0

20101110,187.8,238.3,53.0,4.8,6.7

20101110,184.1,239.7,52.6,2.7,3.7

20101110,202.8,249.2,53.1,4.7,2.0

20101111,195.7,240.0,54.4,1.3,1.4

20101111,214.4,249.8,53.0,4.3,3.7

20101111,220.3,254.1,53.2,3.0,5.2

20101111,237.1,257.1,53.1,3.3,4.8

20101112,nan,nan,nan,nan,nan

20101113,nan,nan,nan,nan,nan

20101114,nan,nan,nan,nan,nan

20101114,216.5,254.3,52.8,3.1,3.8

20101114,214.7,253.6,51.3,0.5,0.3

20101114,219.4,252.6,52.1,0.5,0.6

20101115,198.2,243.5,53.0,4.1,3.1

20101115,212.4,248.4,53.0,3.5,4.5

20101115,214.5,253.4,53.1,4.3,3.1

20101115,208.7,247.2,53.0,5.3,1.1

20101115,201.5,249.1,52.4,2.8,4.2

20101115,219.1,253.3,52.6,1.5,0.6

20101116,204.2,245.4,51.2,0.0,0.0

20101116,nan,nan,nan,nan,nan

20101116,208.8,260.0,55.0,0.0,0.0

20101116,202.6,245.3,53.5,2.2,4.9

20101116,198.5,250.8,53.1,0.8,2.3

20101116,nan,nan,nan,nan,nan

20101116,221.5,259.7,52.6,2.5,3.9

20101116,210.6,256.3,53.2,1.9,4.3

20101116,219.6,255.2,53.0,4.5,2.8

20101116,218.7,255.7,53.1,3.4,3.1

20101116,200.3,252.7,52.8,2.7,3.6

20101116,nan,nan,nan,nan,nan

20101116,nan,nan,nan,nan,nan

20101116,nan,nan,nan,nan,nan

20101116,200.3,250.4,54.9,0.0,0.0

20101117,201.9,239.0,53.4,2.2,2.8

20101117,218.0,249.4,53.1,2.0,3.9

20101117,222.5,255.1,52.5,2.1,2.9

20101117,210.9,248.3,52.3,3.9,5.4

20101117,219.9,248.8,53.2,4.1,5.0

20101117,215.6,252.0,53.1,3.4,2.0

20101117,206.6,242.3,53.0,3.6,2.4

20101117,216.7,241.3,53.1,3.0,3.2

20101117,220.9,247.4,53.4,5.8,5.7

20101117,235.6,258.9,53.6,2.4,2.3

20101117,218.4,249.3,53.2,6.5,4.0

20101117,206.4,253.8,52.6,4.4,2.5

20101118,nan,nan,nan,nan,nan

20101118,206.8,245.2,53.6,4.2,0.9

20101118,213.4,241.2,53.2,5.5,1.9

20101118,nan,nan,nan,nan,nan

20101118,224.7,253.0,51.7,1.5,3.3

20101118,209.7,252.1,53.1,5.1,3.4

20101118,193.9,245.5,51.5,0.7,1.9

20101118,nan,nan,nan,nan,nan

20101118,222.0,247.6,54.9,0.4,0.2

20101118,nan,nan,nan,nan,nan

20101118,nan,nan,nan,nan,nan

20101118,225.1,253.7,54.3,3.7,2.7

20101118,nan,nan,nan,nan,nan

20101118,214.6,239.7,52.7,3.8,3.5

20101118,206.7,241.2,53.5,2.2,2.0

20101118,nan,nan,nan,nan,nan

20101118,170.2,239.0,53.0,5.7,3.7

20101118,155.4,229.0,52.2,5.4,4.3

20101119,211.2,243.2,53.6,4.2,3.1

20101119,217.9,251.7,51.2,0.0,0.0

20101119,214.4,243.4,51.2,0.0,0.0

20101119,204.7,250.3,53.6,2.9,2.1

20101119,198.2,242.0,52.5,2.5,3.7

20101119,210.2,244.7,53.5,3.4,1.0

20101119,216.0,242.2,52.8,2.0,3.1

20101119,240.3,257.2,52.8,3.9,4.9

20101119,221.6,252.1,52.8,1.8,4.1

20101119,204.4,251.1,52.4,3.7,1.5

20101119,190.8,245.1,53.0,3.5,4.0

20101119,217.1,252.5,53.0,1.4,1.4

20101119,203.3,250.8,51.9,2.7,2.1

20101120,209.3,245.3,52.7,2.0,5.0

20101120,216.0,246.9,53.1,3.9,2.6

20101120,208.3,241.1,52.9,1.3,3.3

20101120,209.6,247.4,52.2,2.1,3.0

20101120,215.7,249.3,53.1,3.3,6.0

20101120,214.7,251.0,51.2,0.0,0.0

20101120,176.5,244.1,52.2,6.9,5.1

20101120,200.9,247.2,53.3,3.5,3.2

20101121,201.4,247.7,52.8,3.3,2.9

20101121,192.7,246.6,53.4,2.7,2.2

20101121,223.9,257.4,52.5,4.0,3.8

20101121,213.5,257.8,53.5,3.4,2.7

20101122,200.0,247.6,52.6,2.3,2.6

20101122,212.9,241.2,53.1,3.1,4.1

20101122,213.3,247.5,53.5,2.7,3.3

20101122,227.8,256.7,53.1,5.9,4.7

20101122,213.1,245.8,53.5,3.3,3.3

20101122,222.9,254.9,52.2,2.9,0.8

20101122,207.9,257.5,53.5,5.8,2.7

20101123,201.1,236.2,53.2,3.9,6.4

20101123,210.1,249.1,54.8,2.6,3.4

20101123,227.8,251.6,52.7,1.3,4.1

20101123,216.9,256.5,53.5,1.6,4.3

20101124,196.6,236.5,53.1,5.6,4.2

20101124,202.9,241.9,53.2,4.8,2.9

20101124,217.8,250.3,53.2,2.0,2.3

20101124,211.5,248.5,52.3,2.8,1.7

20101124,217.3,253.5,53.2,5.1,3.4

20101124,213.9,256.1,52.9,3.8,3.5

20101124,nan,nan,nan,nan,nan

20101124,209.2,247.0,53.0,4.2,2.3

20101124,212.1,250.7,52.7,5.5,5.2

20101124,217.3,253.5,53.2,5.1,3.4

20101125,207.7,242.6,53.0,6.2,3.0

20101126,207.0,248.2,54.3,0.6,3.0

20101126,216.0,251.5,51.7,1.5,2.1

20101126,215.6,256.9,53.1,3.2,2.8

20101126,221.7,250.8,53.8,1.9,4.0

20101126,187.5,244.2,52.6,3.2,2.3

20101126,141.1,229.2,53.1,3.7,1.8

20101126,nan,nan,nan,nan,nan

20101127,225.4,252.1,52.8,1.4,1.5

20101127,nan,nan,nan,nan,nan

20101128,nan,nan,nan,nan,nan

20101128,nan,nan,nan,nan,nan

20101128,193.4,244.2,52.7,3.7,3.3

20101128,154.7,234.4,52.8,1.6,2.0

20101128,148.5,227.0,53.0,5.1,5.7

20101129,nan,nan,nan,nan,nan

20101129,nan,nan,nan,nan,nan

20101130,228.8,252.2,54.1,5.9,3.8

20101130,227.3,257.8,53.1,4.0,4.7

20101130,229.6,254.9,51.6,1.0,2.4

20101130,238.8,253.3,52.7,6.2,2.6

20101201,nan,nan,nan,nan,nan

20101202,nan,nan,nan,nan,nan

20101202,219.4,244.2,52.7,4.9,3.2

20101202,229.3,253.0,52.8,1.7,1.4

20101202,nan,nan,nan,nan,nan

20101202,231.6,254.6,53.8,3.0,0.5

20101202,204.8,247.7,53.6,2.7,4.0

20101202,216.2,249.1,52.5,3.1,3.6

20101202,nan,nan,nan,nan,nan

20101202,nan,nan,nan,nan,nan

20101203,nan,nan,nan,nan,nan

20101203,nan,nan,nan,nan,nan

20101203,nan,nan,nan,nan,nan

20101203,185.4,243.4,53.0,6.4,1.8

20101203,nan,nan,nan,nan,nan

20101203,nan,nan,nan,nan,nan

20101203,nan,nan,nan,nan,nan

20101203,235.5,256.6,54.4,2.2,1.8

20101203,233.2,251.7,53.5,1.7,2.7

20101203,222.6,255.6,53.9,1.3,5.1

20101203,221.6,254.8,53.6,2.2,1.9

20101203,220.1,253.5,53.4,3.1,2.7

20101204,nan,nan,nan,nan,nan

20101204,nan,nan,nan,nan,nan

20101204,nan,nan,nan,nan,nan

20101204,220.4,249.5,52.3,3.2,2.2

20101204,211.0,249.5,52.8,4.9,3.8

20101204,nan,nan,nan,nan,nan

20101204,nan,nan,nan,nan,nan

20101204,227.6,250.9,53.0,3.3,2.6

20101204,226.0,253.0,52.9,4.9,3.4

20101204,205.5,253.2,53.6,2.5,2.3

20101204,220.0,251.1,52.1,2.5,2.5

20101204,206.1,245.9,53.0,4.1,3.4

20101204,209.2,249.4,53.7,1.0,0.2

20101205,197.2,245.0,52.1,4.9,2.7

20101205,223.0,255.1,52.1,1.0,0.6

20101205,223.7,247.4,51.8,0.5,0.4

20101205,nan,nan,nan,nan,nan

20101205,234.8,244.2,53.1,1.5,1.4

20101205,236.6,254.3,53.1,4.6,4.5

20101205,221.2,253.8,52.7,3.6,3.9

20101205,223.8,252.5,52.6,11.0,7.2

20101205,227.3,255.3,52.9,8.8,7.3

20101205,199.5,246.0,52.7,4.4,4.1

20101205,226.2,255.0,53.1,3.1,3.4

20101205,214.4,250.2,51.8,3.0,1.6

20101205,nan,nan,nan,nan,nan

20101205,220.8,247.0,51.6,0.2,0.5

20101205,nan,nan,nan,nan,nan

20101206,nan,nan,nan,nan,nan

20101206,nan,nan,nan,nan,nan

20101206,nan,nan,nan,nan,nan

20101206,229.6,253.5,53.0,4.2,3.1

20101206,224.0,251.7,53.0,3.0,3.5

20101206,215.3,250.5,52.9,2.6,3.2

20101206,225.8,246.9,52.0,0.9,1.0

20101206,212.4,252.6,53.0,2.0,2.0

20101206,199.5,250.5,54.2,2.4,2.9

20101206,179.2,233.6,53.1,5.0,3.2

20101206,192.6,236.4,52.9,4.2,3.9

20101206,179.9,241.1,53.1,3.5,2.3

20101206,221.1,250.5,52.6,4.6,2.3

20101206,236.3,253.1,51.6,0.5,1.0

20101206,229.1,253.2,52.8,7.9,3.7

20101206,237.3,254.2,52.8,4.6,4.0

20101206,227.3,249.4,52.6,2.3,3.9

20101206,212.0,253.0,53.6,1.0,0.7

20101206,222.0,253.2,52.8,2.9,4.2

20101206,217.9,249.1,52.9,5.7,4.3

20101206,221.0,247.4,52.8,3.7,4.8

20101207,191.1,233.8,53.0,2.5,3.0

20101207,nan,nan,nan,nan,nan

20101207,223.7,255.7,53.0,2.3,2.7

20101207,211.4,252.5,52.9,4.9,4.6

20101207,nan,nan,nan,nan,nan

20101207,nan,nan,nan,nan,nan

20101207,nan,nan,nan,nan,nan

20101207,216.7,254.2,52.2,4.0,6.1

20101207,nan,nan,nan,nan,nan

20101207,nan,nan,nan,nan,nan

20101207,nan,nan,nan,nan,nan

20101207,nan,nan,nan,nan,nan

20101207,nan,nan,nan,nan,nan

20101207,230.7,250.9,51.2,0.0,0.0

20101207,219.9,255.1,53.6,3.4,3.0

20101207,204.1,247.5,53.0,2.2,3.5

20101207,212.3,253.5,52.9,3.7,2.3

20101207,nan,nan,nan,nan,nan

20101207,nan,nan,nan,nan,nan

20101207,223.8,251.6,53.0,5.1,4.2

20101207,222.8,254.4,53.0,1.9,4.3

20101207,197.7,244.0,53.2,2.9,3.8

20101207,220.4,250.6,53.1,2.9,1.9

20101207,190.1,242.4,52.8,4.3,4.2

20101208,nan,nan,nan,nan,nan

20101208,nan,nan,nan,nan,nan

20101208,218.7,257.0,54.6,2.6,1.7

20101208,219.2,258.7,54.4,2.2,3.9

20101208,nan,nan,nan,nan,nan

20101208,nan,nan,nan,nan,nan

20101208,198.9,245.0,53.1,3.7,3.4

20101208,170.7,225.4,53.0,2.6,3.8

20101208,181.2,232.0,53.2,5.8,4.1

20101208,nan,nan,nan,nan,nan

20101208,nan,nan,nan,nan,nan

20101208,234.1,257.3,52.8,3.0,3.7

20101208,233.2,254.7,52.8,4.2,1.7

20101208,nan,nan,nan,nan,nan

20101208,219.5,252.0,53.0,3.0,2.4

20101208,220.6,249.6,53.1,4.4,4.2

20101208,220.6,252.5,53.0,3.8,3.7

20101208,222.0,251.7,53.0,4.5,3.9

20101209,nan,nan,nan,nan,nan

20101209,nan,nan,nan,nan,nan

20101209,nan,nan,nan,nan,nan

20101209,nan,nan,nan,nan,nan

20101209,nan,nan,nan,nan,nan

20101209,nan,nan,nan,nan,nan

20101209,nan,nan,nan,nan,nan

20101209,229.9,255.8,53.6,1.6,2.7

20101209,nan,nan,nan,nan,nan

20101209,216.0,259.5,52.7,5.0,4.2

20101209,179.2,236.1,53.0,3.5,4.1

20101209,214.5,250.3,53.1,2.4,4.6

20101209,227.0,249.4,51.6,2.9,2.7

20101209,nan,nan,nan,nan,nan

20101209,198.7,244.2,52.3,4.5,2.4

20101209,nan,nan,nan,nan,nan

20101209,nan,nan,nan,nan,nan

20101209,212.4,246.2,53.1,3.2,3.8

20101209,182.2,237.6,53.0,2.2,3.5

20101209,173.2,227.4,53.0,2.3,3.7

20101209,170.3,229.0,53.0,3.5,2.7

20101209,nan,nan,nan,nan,nan

20101209,nan,nan,nan,nan,nan

20101209,219.1,257.5,53.4,4.2,1.4

20101209,218.7,251.4,51.5,1.1,2.3

20101209,nan,nan,nan,nan,nan

20101209,nan,nan,nan,nan,nan

20101209,nan,nan,nan,nan,nan

20101209,nan,nan,nan,nan,nan

20101209,nan,nan,nan,nan,nan

20101209,nan,nan,nan,nan,nan

20101209,nan,nan,nan,nan,nan

20101209,nan,nan,nan,nan,nan

20101209,nan,nan,nan,nan,nan

20101209,nan,nan,nan,nan,nan

20101209,nan,nan,nan,nan,nan

20101209,nan,nan,nan,nan,nan

20101209,nan,nan,nan,nan,nan

20101210,193.2,242.8,53.1,4.0,3.9

20101210,nan,nan,nan,nan,nan

20101210,nan,nan,nan,nan,nan

20101210,nan,nan,nan,nan,nan

20101210,nan,nan,nan,nan,nan

20101210,nan,nan,nan,nan,nan

20101210,nan,nan,nan,nan,nan

20101210,nan,nan,nan,nan,nan

20101210,nan,nan,nan,nan,nan

20101210,nan,nan,nan,nan,nan

20101210,nan,nan,nan,nan,nan

20101210,nan,nan,nan,nan,nan

20101210,210.7,248.8,53.0,4.6,1.1

20101210,226.8,250.9,53.1,2.8,3.7

20101210,235.4,254.2,52.8,3.8,3.6

20101210,225.9,249.8,53.1,3.6,4.6

20101210,221.7,253.1,53.0,3.9,3.4

20101210,nan,nan,nan,nan,nan

20101210,nan,nan,nan,nan,nan

20101210,nan,nan,nan,nan,nan

20101210,nan,nan,nan,nan,nan

20101210,nan,nan,nan,nan,nan

20101210,nan,nan,nan,nan,nan

20101211,nan,nan,nan,nan,nan

20101211,nan,nan,nan,nan,nan

20101211,nan,nan,nan,nan,nan

20101211,nan,nan,nan,nan,nan

20101211,211.3,251.6,54.4,1.7,3.5

20101211,nan,nan,nan,nan,nan

20101211,211.5,252.4,53.1,2.4,2.3

20101211,189.1,246.7,53.0,4.2,2.9

20101211,nan,nan,nan,nan,nan

20101211,204.6,250.7,53.0,3.2,5.4

20101211,209.2,251.5,53.0,2.9,3.3

20101211,203.6,248.5,52.9,3.6,3.1

20101211,219.0,252.6,52.8,2.3,2.8

20101211,213.9,250.2,53.1,3.2,2.2

20101211,222.9,251.1,52.7,3.7,3.6

20101211,222.8,251.2,52.9,4.4,3.2

20101211,nan,nan,nan,nan,nan

20101211,nan,nan,nan,nan,nan

20101211,nan,nan,nan,nan,nan

20101211,nan,nan,nan,nan,nan

20101211,nan,nan,nan,nan,nan

20101211,nan,nan,nan,nan,nan

20101211,nan,nan,nan,nan,nan

20101211,nan,nan,nan,nan,nan

20101211,nan,nan,nan,nan,nan

20101211,nan,nan,nan,nan,nan

20101211,nan,nan,nan,nan,nan

20101212,210.2,245.9,53.2,4.7,3.1

20101212,214.7,250.1,53.0,2.0,3.8

20101212,229.5,258.2,53.4,4.3,1.7

20101212,220.3,251.5,53.0,4.2,4.3

20101212,217.6,246.9,53.1,4.9,2.9

20101212,nan,nan,nan,nan,nan

20101212,nan,nan,nan,nan,nan

20101212,nan,nan,nan,nan,nan

20101212,nan,nan,nan,nan,nan

20101212,nan,nan,nan,nan,nan

20101212,nan,nan,nan,nan,nan
