20101001,173.0,232.3,53.0,4.1,4.2
20101002,194.4,248.1,53.0,5.4,5.2
20101002,136.3,205.4,53.0,4.8,4.3
20101003,189.3,246.2,53.0,3.4,3.6
20101003,149.1,204.7,53.0,5.2,4.5
20101003,176.3,247.5,53.0,4.6,4.0
20101004,179.6,248.8,53.0,4.7,4.3
20101004,186.4,244.4,53.0,5.5,5.3
20101004,120.6,190.8,53.0,3.8,4.1
20101005,176.7,246.6,53.0,4.5,3.9
20101006,173.6,247.6,53.0,4.0,4.4
20101006,202.8,244.1,53.0,3.9,3.7
20101006,151.9,224.8,53.0,3.6,3.8
20101006,168.1,244.4,53.0,4.1,4.3
20101007,202.4,241.0,53.0,4.2,4.0
20101007,144.3,218.6,53.0,4.4,4.1
20101007,158.8,230.7,53.0,4.6,4.0
20101008,204.4,245.5,53.0,5.5,5.4
20101008,148.9,221.9,53.0,4.7,4.1
20101008,181.8,246.9,53.0,4.6,4.5
20101008,119.9,203.4,53.0,4.5,4.6
20101009,124.4,207.6,53.0,5.1,5.2
20101010,126.8,206.4,53.0,4.8,4.3
20101017,192.6,243.4,53.0,4.2,3.8
20101017,173.8,236.4,53.0,4.2,4.0
20101018,195.5,244.0,53.0,4.5,4.3
20101018,184.4,244.8,53.0,4.8,4.2
20101018,157.6,229.1,53.0,4.9,4.5
20101019,163.7,233.1,53.0,4.4,4.3
20101019,203.2,245.2,53.0,4.4,3.7
20101019,184.4,241.0,53.0,4.5,4.3
20101020,165.7,233.8,53.0,4.7,5.2
20101031,201.9,246.5,53.0,4.1,4.7
20101031,148.1,220.6,53.0,4.6,4.8
20101031,nan,nan,nan,nan,nan
20101101,207.8,248.1,53.0,4.1,3.9
20101101,165.3,212.5,53.0,6.0,5.5
20101101,171.3,231.4,53.0,4.3,4.5
20101101,197.2,244.7,53.0,4.7,4.3
20101101,195.7,246.1,53.0,4.6,4.2
20101102,187.5,230.3,53.0,5.0,3.5
20101102,177.9,237.4,53.0,3.8,4.2
20101102,200.7,246.4,53.0,4.4,4.4
20101102,202.3,249.0,53.0,4.9,4.2
20101102,209.3,248.5,53.0,4.9,4.5
20101102,177.4,241.5,53.0,3.7,3.9
20101102,nan,nan,nan,nan,nan
20101103,193.3,237.6,53.0,5.5,4.8
20101103,177.0,239.5,53.0,5.2,4.9
20101103,197.4,245.2,53.0,4.5,4.2
20101103,204.3,249.2,53.0,4.6,4.3
20101103,175.9,243.3,53.0,4.5,4.4
20101104,172.1,241.1,53.0,3.9,3.8
20101105,178.8,244.4,53.0,4.9,4.4
20101105,180.2,238.4,53.0,5.6,4.3
20101105,199.8,248.5,53.0,4.4,4.1
20101106,195.0,244.2,53.0,5.2,5.0
20101106,212.6,249.3,53.0,4.4,4.6
20101106,187.4,244.9,53.0,4.0,3.9
20101106,159.8,235.7,53.0,4.4,4.8
20101107,189.5,246.9,53.0,5.2,4.9
20101107,162.5,238.3,53.0,2.8,3.5
20101107,211.0,250.9,53.0,5.7,5.6
20101107,206.2,250.7,53.0,4.0,3.9
20101108,196.0,246.5,53.0,4.8,4.2
20101108,217.6,252.7,53.0,5.0,4.5
20101108,189.8,245.7,53.0,5.0,4.2
20101108,172.8,244.3,53.0,4.5,4.4
20101108,166.7,233.3,53.0,5.2,4.9
20101108,165.9,235.4,53.0,4.1,3.7
20101108,153.1,230.8,53.0,3.9,4.1
20101108,203.4,250.2,53.0,6.5,4.6
20101108,213.9,253.5,53.0,4.3,4.0
20101108,211.2,252.8,53.0,3.8,4.0
20101109,205.4,248.3,53.0,4.6,4.5
20101109,212.6,247.9,53.0,4.3,4.1
20101109,223.0,255.2,53.0,4.5,4.4
20101109,233.1,257.8,53.0,4.2,4.0
20101110,200.4,245.4,53.0,4.8,4.1
20101110,215.4,249.4,53.0,4.1,4.1
20101110,221.5,254.3,53.0,4.7,4.2
20101110,236.0,255.9,53.0,4.8,4.2
20101110,170.2,228.5,53.0,5.1,4.4
20101110,162.3,228.8,53.0,5.2,5.6
20101110,147.7,223.7,53.0,3.7,3.3
20101110,186.7,241.0,53.0,4.3,4.1
20101110,181.6,238.6,53.0,4.1,3.8
20101110,203.3,248.1,53.0,4.4,3.9
20101111,203.5,242.8,53.0,4.6,4.1
20101111,212.4,248.9,53.0,5.1,4.3
20101111,220.3,252.1,53.0,4.8,4.5
20101111,236.6,256.0,53.0,4.0,4.1
20101112,130.4,210.3,53.0,4.2,4.2
20101113,146.2,221.4,53.0,5.3,4.9
20101114,157.8,225.6,53.0,5.2,4.1
20101114,216.8,254.9,53.0,3.8,3.7
20101114,212.3,256.3,53.0,3.6,3.6
20101114,216.2,251.5,53.0,4.3,4.1
20101115,199.9,243.5,53.0,4.7,5.0
20101115,210.3,247.3,53.0,3.4,3.7
20101115,219.7,252.9,53.0,4.4,4.6
20101115,208.0,246.4,53.0,3.7,3.6
20101115,204.4,246.4,53.0,4.9,4.4
20101115,215.9,249.4,53.0,5.0,4.2
20101116,198.4,242.3,53.0,5.7,5.1
20101116,211.8,246.7,53.0,4.5,4.3
20101116,216.1,251.7,53.0,4.4,4.0
20101116,207.7,246.0,53.0,4.5,4.5
20101116,202.9,246.6,53.0,4.6,4.3
20101116,217.2,247.4,53.0,5.1,4.5
20101116,225.0,257.3,53.0,4.2,4.3
20101116,207.2,255.9,53.0,4.9,4.8
20101116,215.4,252.6,53.0,3.8,4.1
20101116,222.4,256.7,53.0,4.0,4.3
20101116,203.1,255.6,53.0,3.9,4.3
20101116,209.6,250.7,53.0,5.3,3.9
20101116,221.0,247.6,53.0,5.1,4.6
20101116,233.7,258.4,53.0,5.0,4.5
20101116,210.0,250.1,53.0,4.3,4.9
20101117,204.0,238.7,53.0,4.4,4.1
20101117,217.9,246.3,53.0,4.9,4.6
20101117,222.6,252.2,53.0,5.1,4.5
20101117,212.3,243.4,53.0,4.3,4.1
20101117,219.5,246.7,53.0,4.6,4.3
20101117,219.2,248.7,53.0,4.0,3.9
20101117,204.9,241.3,53.0,4.6,4.0
20101117,214.7,239.9,53.0,5.1,5.2
20101117,220.0,247.7,53.0,4.9,5.0
20101117,234.9,255.8,53.0,3.8,4.1
20101117,221.9,250.8,53.0,4.0,4.2
20101117,207.5,252.0,53.0,3.7,3.7
20101118,201.9,242.7,53.0,5.3,5.2
20101118,208.2,240.3,53.0,4.0,4.0
20101118,216.5,243.2,53.0,4.6,4.9
20101118,236.8,255.4,53.0,4.2,4.1
20101118,221.8,250.7,53.0,4.7,4.5
20101118,215.5,251.7,53.0,3.9,4.6
20101118,195.8,246.2,53.0,6.1,3.9
20101118,213.0,247.9,53.0,5.2,5.3
20101118,224.4,249.3,53.0,4.7,3.6
20101118,237.5,257.8,53.0,4.6,4.2
20101118,223.4,250.6,53.0,4.6,4.5
20101118,221.9,250.0,53.0,4.4,4.8
20101118,214.0,242.9,53.0,4.3,4.6
20101118,211.0,239.1,53.0,3.4,4.6
20101118,207.6,239.3,53.0,4.5,3.4
20101118,204.5,240.7,53.0,5.2,5.2
20101118,179.0,237.9,53.0,4.8,5.1
20101118,162.2,228.5,53.0,5.3,4.1
20101119,217.1,245.8,53.0,4.3,4.1
20101119,217.3,247.6,53.0,4.9,4.6
20101119,211.2,241.4,53.0,4.6,4.6
20101119,211.3,245.4,53.0,4.7,4.8
20101119,198.3,240.9,53.0,4.1,3.5
20101119,207.6,240.6,53.0,4.5,4.1
20101119,216.3,245.7,53.0,4.1,4.6
20101119,238.3,256.3,53.0,3.9,4.2
20101119,222.4,250.6,53.0,5.4,4.6
20101119,206.2,249.7,53.0,4.0,4.0
20101119,193.3,243.0,53.0,3.9,4.0
20101119,215.3,251.6,53.0,5.5,5.3
20101119,205.1,250.9,53.0,4.2,4.0
20101120,213.6,244.5,53.0,4.7,4.5
20101120,215.9,245.2,53.0,4.6,4.5
20101120,208.6,239.6,53.0,5.7,5.4
20101120,209.3,242.2,53.0,3.8,4.0
20101120,214.4,249.8,53.0,3.8,4.3
20101120,207.5,249.8,53.0,5.2,5.6
20101120,173.0,241.5,53.0,4.1,4.0
20101120,202.6,244.7,53.0,4.1,3.9
20101121,204.5,246.0,53.0,4.6,4.1
20101121,193.9,244.8,53.0,4.4,3.6
20101121,222.1,252.7,53.0,4.3,4.1
20101121,210.2,252.8,53.0,3.5,3.9
20101122,203.7,246.8,53.0,3.5,3.6
20101122,213.3,239.1,53.0,4.2,4.0
20101122,217.1,245.5,53.0,4.0,3.9
20101122,230.0,252.2,53.0,5.0,4.4
20101122,215.9,246.5,53.0,4.7,5.1
20101122,221.6,253.4,53.0,4.2,3.8
20101122,211.6,255.0,53.0,3.7,3.7
20101123,204.1,238.0,53.0,5.5,4.9
20101123,211.6,246.3,53.0,4.5,4.3
20101123,226.3,251.4,53.0,4.1,3.9
20101123,214.4,250.6,53.0,4.5,3.7
20101124,198.8,235.6,53.0,3.9,3.5
20101124,205.9,242.1,53.0,4.4,4.1
20101124,219.6,249.4,53.0,4.2,4.2
20101124,216.6,248.3,53.0,4.5,4.9
20101124,220.8,253.1,53.0,4.2,4.2
20101124,213.5,251.0,53.0,3.6,4.2
20101124,201.0,236.9,53.0,4.4,4.4
20101124,211.2,249.8,53.0,5.2,5.4
20101124,214.5,254.2,53.0,5.0,5.3
20101124,220.8,253.1,53.0,4.2,4.2
20101125,204.0,242.4,53.0,4.6,4.6
20101126,208.3,245.3,53.0,4.0,5.3
20101126,216.5,251.4,53.0,4.0,4.1
20101126,216.0,252.6,53.0,5.0,5.1
20101126,225.5,253.1,53.0,4.1,4.3
20101126,186.7,243.0,53.0,4.0,4.1
20101126,146.6,230.0,53.0,5.8,4.3
20101126,148.6,226.3,53.0,5.6,5.1
20101127,221.3,251.9,53.0,4.0,4.7
20101127,211.7,249.8,53.0,3.7,4.2
20101128,215.1,251.3,53.0,5.0,5.2
20101128,201.7,244.2,53.0,3.9,6.3
20101128,190.9,241.9,53.0,4.5,4.3
20101128,153.8,231.7,53.0,4.0,4.4
20101128,148.5,226.1,53.0,4.5,4.7
20101129,215.6,247.1,53.0,4.7,4.8
20101129,203.5,240.7,53.0,5.1,5.4
20101130,230.1,251.2,53.0,4.4,3.9
20101130,229.1,252.9,53.0,4.2,4.6
20101130,231.0,251.5,53.0,4.6,4.0
20101130,233.7,253.7,53.0,4.8,4.5
20101201,216.6,248.6,53.0,4.3,5.2
20101202,216.8,251.5,53.0,4.2,6.5
20101202,217.9,247.8,53.0,5.0,4.0
20101202,230.8,252.5,53.0,3.9,3.8
20101202,226.9,248.7,53.0,5.1,4.4
20101202,232.8,252.4,53.0,4.7,4.1
20101202,207.0,244.4,53.0,3.8,3.8
20101202,218.1,249.9,53.0,5.0,4.4
20101202,213.3,246.6,53.0,6.1,5.3
20101202,217.0,255.1,53.0,4.4,5.1
20101203,223.0,256.3,53.0,4.7,6.3
20101203,220.1,255.5,53.0,4.9,5.9
20101203,221.7,254.6,53.0,5.1,4.9
20101203,190.5,244.5,53.0,4.7,4.0
20101203,218.5,253.3,53.0,4.6,5.7
20101203,223.2,257.2,53.0,5.0,5.8
20101203,206.3,252.1,53.0,4.4,5.2
20101203,237.7,253.3,53.0,4.1,3.9
20101203,234.8,252.4,53.0,4.0,4.3
20101203,226.2,251.8,53.0,5.3,4.7
20101203,223.5,256.7,53.0,5.2,4.5
20101203,223.1,252.6,53.0,5.1,4.7
20101204,220.2,256.5,53.0,5.2,5.9
20101204,219.2,250.3,53.0,5.1,5.4
20101204,209.1,247.6,53.0,5.2,5.8
20101204,221.8,251.4,53.0,3.7,3.9
20101204,214.4,251.3,53.0,4.4,4.5
20101204,220.6,257.9,53.0,5.3,5.3
20101204,220.3,248.4,53.0,5.2,4.3
20101204,229.3,251.3,53.0,4.4,4.0
20101204,226.0,251.5,53.0,4.2,4.1
20101204,213.0,250.3,53.0,4.6,4.0
20101204,221.7,251.2,53.0,3.8,4.1
20101204,208.6,245.3,53.0,4.6,3.7
20101204,206.7,249.3,53.0,4.3,4.8
20101205,198.1,241.1,53.0,5.1,4.4
20101205,220.0,254.1,53.0,4.3,5.1
20101205,220.6,252.7,53.0,3.9,4.5
20101205,210.6,245.5,53.0,5.3,5.2
20101205,237.0,252.3,53.0,4.4,3.9
20101205,234.9,251.6,53.0,4.0,4.0
20101205,224.7,253.3,53.0,4.8,4.4
20101205,226.3,252.0,53.0,6.5,4.7
20101205,227.9,252.7,53.0,5.2,4.5
20101205,199.9,244.1,53.0,3.6,4.7
20101205,224.3,252.5,53.0,4.2,4.2
20101205,212.8,250.8,53.0,4.0,4.4
20101205,208.9,248.2,53.0,4.5,4.7
20101205,220.3,252.2,53.0,4.4,4.2
20101205,223.1,254.5,53.0,4.3,5.7
20101206,208.0,250.5,53.0,4.6,6.0
20101206,219.6,255.3,53.0,5.8,5.4
20101206,225.7,255.7,53.0,4.8,4.3
20101206,229.8,252.2,53.0,4.1,3.7
20101206,225.7,250.4,53.0,4.3,4.0
20101206,214.3,249.5,53.0,3.6,4.0
20101206,227.8,253.0,53.0,5.4,5.2
20101206,211.5,250.2,53.0,4.9,4.0
20101206,204.2,249.6,53.0,4.8,4.1
20101206,179.0,232.1,53.0,4.6,4.0
20101206,192.3,237.0,53.0,4.5,3.8
20101206,183.9,239.7,53.0,4.9,4.5
20101206,217.8,253.6,53.0,4.0,4.1
20101206,231.8,252.8,53.0,4.2,3.4
20101206,232.1,252.8,53.0,4.9,4.8
20101206,235.5,252.2,53.0,4.4,4.1
20101206,231.0,245.9,53.0,5.7,5.3
20101206,215.8,249.9,53.0,3.7,4.0
20101206,222.8,252.1,53.0,4.3,4.4
20101206,215.8,248.4,53.0,4.3,4.1
20101206,223.6,248.6,53.0,5.3,5.2
20101207,189.4,231.2,53.0,4.0,3.6
20101207,187.6,243.2,53.0,4.7,4.5
20101207,225.4,254.7,53.0,4.3,4.3
20101207,213.5,250.7,53.0,4.2,4.6
20101207,217.1,255.3,53.0,5.4,5.0
20101207,223.3,257.4,53.0,4.6,5.8
20101207,225.9,259.0,53.0,3.8,5.6
20101207,220.0,257.9,53.0,4.5,5.6
20101207,224.2,254.7,53.0,3.8,5.3
20101207,222.9,252.2,53.0,3.7,4.3
20101207,216.7,252.3,53.0,4.2,4.3
20101207,220.0,254.8,53.0,4.9,5.0
20101207,203.1,251.7,53.0,3.7,5.2
20101207,231.4,251.4,53.0,5.7,5.0
20101207,228.0,250.4,53.0,4.6,4.2
20101207,207.5,246.4,53.0,4.4,3.9
20101207,216.1,251.3,53.0,4.5,3.9
20101207,177.8,232.1,53.0,3.7,5.2
20101207,212.3,251.6,53.0,5.3,3.8
20101207,224.6,251.0,53.0,4.2,4.3
20101207,223.6,250.8,53.0,4.1,4.6
20101207,199.2,243.5,53.0,4.2,4.4
20101207,223.8,250.6,53.0,3.5,3.6
20101207,190.6,241.0,53.0,4.1,3.7
20101208,218.4,253.5,53.0,5.5,4.7
20101208,227.1,255.7,53.0,5.5,5.9
20101208,225.2,251.8,53.0,5.1,4.5
20101208,220.3,253.4,53.0,4.7,4.8
20101208,221.3,252.2,53.0,3.5,6.1
20101208,203.2,246.6,53.0,3.4,4.8
20101208,nan,nan,nan,nan,nan
20101208,nan,nan,nan,nan,nan
20101208,nan,nan,nan,nan,nan
20101208,nan,nan,nan,nan,nan
20101208,nan,nan,nan,nan,nan
20101208,nan,nan,nan,nan,nan
20101208,nan,nan,nan,nan,nan
20101208,nan,nan,nan,nan,nan
20101208,nan,nan,nan,nan,nan
20101208,nan,nan,nan,nan,nan
20101208,nan,nan,nan,nan,nan
20101208,nan,nan,nan,nan,nan
20101209,217.2,258.1,53.0,4.4,5.6
20101209,221.7,256.6,53.0,4.8,5.4
20101209,230.7,253.8,53.0,3.9,5.1
20101209,223.9,260.2,53.0,4.7,4.8
20101209,230.0,259.8,53.0,5.4,4.2
20101209,204.9,252.9,53.0,3.8,5.7
20101209,229.8,249.9,53.0,6.5,4.4
20101209,226.4,250.3,53.0,5.1,4.7
20101209,218.1,249.1,53.0,4.7,3.8
20101209,216.4,251.6,53.0,4.4,4.1
20101209,181.0,234.8,53.0,3.6,3.5
20101209,215.9,251.8,53.0,4.1,6.6
20101209,225.2,252.4,53.0,4.0,6.4
20101209,228.2,252.2,53.0,4.7,4.0
20101209,201.5,244.1,53.0,4.3,4.1
20101209,231.7,253.6,53.0,3.7,3.9
20101209,207.5,244.4,53.0,2.7,3.8
20101209,211.7,246.1,53.0,3.7,4.2
20101209,184.4,237.2,53.0,4.0,3.7
20101209,172.3,228.9,53.0,5.0,5.5
20101209,170.9,229.3,53.0,4.9,4.9
20101209,199.0,236.1,53.0,5.0,4.8
20101209,190.9,235.8,53.0,5.1,4.7
20101209,217.2,253.6,53.0,4.5,4.1
20101209,215.2,250.4,53.0,4.8,4.5
20101209,223.1,249.5,53.0,4.1,4.4
20101209,233.0,252.2,53.0,3.8,3.5
20101209,211.9,256.3,53.0,4.3,5.2
20101209,222.5,257.2,53.0,4.8,4.4
20101209,221.8,254.7,53.0,4.8,5.0
20101209,223.1,254.0,53.0,5.8,4.5
20101209,224.2,256.5,53.0,5.4,4.9
20101209,217.2,258.1,53.0,4.4,5.6
20101209,213.0,254.1,53.0,4.6,6.4
20101209,186.0,244.6,53.0,5.4,5.2
20101209,210.2,255.8,53.0,4.5,5.5
20101209,215.7,254.8,53.0,5.7,5.3
20101209,228.0,258.1,53.0,6.2,4.9
20101210,193.8,239.3,53.0,4.5,4.1
20101210,201.9,248.1,53.0,5.1,5.4
20101210,221.8,255.3,53.0,5.9,5.6
20101210,224.4,253.0,53.0,5.3,3.8
20101210,226.8,256.7,53.0,4.4,4.9
20101210,229.3,260.9,53.0,4.4,3.9
20101210,214.1,253.0,53.0,5.0,5.9
20101210,213.6,253.4,53.0,4.6,3.9
20101210,182.9,234.9,53.0,4.1,4.7
20101210,218.4,249.0,53.0,5.0,6.1
20101210,226.6,256.9,53.0,5.5,5.0
20101210,230.4,256.0,53.0,4.2,5.8
20101210,208.4,245.6,53.0,4.0,3.5
20101210,223.1,247.4,53.0,3.8,4.8
20101210,233.1,252.7,53.0,3.8,3.9
20101210,228.6,252.1,53.0,5.3,5.5
20101210,223.0,251.1,53.0,3.5,3.8
20101210,226.8,256.7,53.0,4.4,4.9
20101210,218.4,249.0,53.0,5.0,6.1
20101210,214.8,245.4,53.0,2.9,4.1
20101210,227.3,250.2,53.0,4.5,5.1
20101210,209.7,249.1,53.0,5.2,5.6
20101210,206.3,245.1,53.0,4.5,5.6
20101211,224.4,257.1,53.0,3.8,5.1
20101211,213.7,253.7,53.0,4.3,5.6
20101211,213.5,255.2,53.0,4.4,4.9
20101211,228.3,261.0,53.0,5.3,5.5
20101211,212.7,248.9,53.0,4.6,4.5
20101211,214.3,250.4,53.0,4.9,5.2
20101211,215.5,248.5,53.0,4.1,4.6
20101211,193.6,241.3,53.0,4.7,4.9
20101211,186.7,242.4,53.0,5.2,4.5
20101211,206.1,247.7,53.0,4.1,4.7
20101211,211.6,249.2,53.0,3.9,3.6
20101211,205.2,248.3,53.0,4.3,3.7
20101211,218.1,251.2,53.0,4.1,4.0
20101211,217.1,249.4,53.0,3.9,3.8
20101211,225.1,250.8,53.0,4.4,3.9
20101211,225.7,252.0,53.0,3.9,3.6
20101211,208.8,250.0,53.0,5.2,5.6
20101211,227.9,256.9,53.0,4.9,5.2
20101211,227.0,257.9,53.0,4.8,5.9
20101211,224.4,257.1,53.0,3.8,5.1
20101211,227.3,254.8,53.0,5.1,6.1
20101211,212.6,250.8,53.0,5.2,5.7
20101211,212.4,251.0,53.0,5.0,5.8
20101211,185.4,235.8,53.0,4.8,4.8
20101211,213.7,253.7,53.0,4.3,5.6
20101211,223.0,258.1,53.0,4.9,4.6
20101211,228.7,259.0,53.0,5.0,5.9
20101212,211.7,243.8,53.0,4.5,4.2
20101212,217.3,248.8,53.0,4.3,4.1
20101212,232.5,254.3,53.0,4.0,3.8
20101212,223.1,249.1,53.0,4.3,4.3
20101212,220.3,248.4,53.0,4.1,3.6
20101212,226.3,259.7,53.0,4.1,4.4
20101212,219.7,255.9,53.0,4.2,5.0
20101212,216.0,257.8,53.0,4.3,5.8
20101212,225.9,255.2,53.0,5.5,6.0
20101212,212.8,251.9,53.0,4.2,5.8
20101212,211.2,254.1,53.0,4.5,8.3
