region1,region2,region3,region4,region5,region6,region7,region8,region9,region10
0.0,0.0,0.0,0.0,0.0,0.0,0.0,0.0,0.0,0.0
0.0,0.0,0.0,0.0,0.0,0.0,0.0,0.0,0.0,0.0
0.0,0.0,0.0,0.0,0.0,0.0,0.0,0.0,0.0,0.0
0.0,0.0,0.0,0.0,0.0,0.0,0.0,0.0,0.0,0.0
0.0,0.0,0.0,0.0,0.0,0.0,0.0,0.0,0.0,0.0
0.0,0.0,0.0,0.0,0.0,0.0,0.0,0.0,0.0,0.0
0.0,0.0,0.0,0.0,0.0,0.0,0.0,0.0,0.0,0.0
0.0,0.0,0.0,0.0,0.0,0.0,0.0,0.0,0.0,0.0
0.0,0.0,0.0,0.0,0.0,0.0,0.0,0.0,0.0,0.0
0.0,0.0,0.0,0.0,0.0,0.0,0.0,0.0,0.0,0.0
0.0,0.0,0.0,0.0,0.0,0.0,0.0,0.0,0.0,0.0
0.0,0.0,0.0,0.0,0.0,0.0,0.0,0.0,0.0,0.0
0.0,0.0,0.0,0.0,0.0,0.0,0.0,0.0,0.0,0.0
0.0,0.0,0.0,0.0,0.0,0.0,0.0,0.0,0.0,0.0
0.0,0.0,0.0,0.0,0.0,0.0,0.0,0.0,0.0,0.0
0.0,0.0,0.0,0.0,0.0,0.0,0.0,0.0,0.0,0.0
0.0,0.0,0.0,0.0,0.0,0.0,0.0,0.0,0.0,0.0
0.0,0.0,0.0,0.0,0.0,0.0,0.0,0.0,0.0,0.0
0.0,0.0,0.0,0.0,0.0,0.0,0.0,0.0,0.0,0.0
0.0,0.0,0.0,0.0,0.0,0.0,0.0,0.0,0.0,0.0
0.0,0.0,0.0,0.0,0.0,0.0,1.9881425,0.0,0.0,0.0
0.0,0.0,0.0,0.0,0.0,0.0,3.0361114,0.0,0.0,0.0
0.0,0.0,0.0,0.0,0.0,3.7234454,4.09451,0.0,0.0,0.0
0.0,0.0,0.0,0.0,0.0,5.267426,5.056514,0.0,0.0,0.0
0.0,0.0,0.0,0.0,0.0,6.280078,4.982801,0.0,0.0,0.0
0.0,0.0,0.0,0.0,0.0,7.1289616,5.0212255,0.0,0.0,0.0
0.0,0.0,0.0,0.0,0.0,8.285508,5.9347434,0.0,0.0,0.0
0.0,0.0,0.0,0.0,0.0,10.249378,7.7928433,0.0,0.0,0.0
0.0,0.0,0.0,0.0,0.0,12.328776,9.806367,0.0,0.0,0.0
0.0,0.0,0.0,0.0,0.0,14.124131,11.006408,0.0,0.0,0.0
0.0,0.0,0.0,0.0,0.0,15.173578,11.385749,0.0,0.0,0.0
0.0,0.0,0.0,0.0,0.0,16.486607,12.024574,0.0,0.0,0.0
0.0,0.0,5.803113,0.0,6.7011046,18.51574,13.39102,0.0,0.0,0.0
0.0,0.0,8.826577,0.0,10.46229,20.874931,15.105966,0.0,0.0,0.0
0.0,0.0,11.078049,0.0,13.179753,23.027502,17.032156,0.0,0.0,0.0
0.0,0.0,13.725573,0.0,15.46796,25.010948,19.03859,0.0,0.0,0.0
0.0,0.0,16.481619,0.0,18.02873,27.14181,20.807615,0.0,0.0,0.0
0.0,0.0,19.42097,0.0,21.176933,29.463415,22.891207,0.0,0.0,0.0
0.0,0.0,22.29604,0.0,24.033102,31.799055,24.727783,0.0,0.0,0.0
0.0,0.0,24.307058,0.0,26.052347,33.5212,25.653757,0.0,0.0,0.0
0.0,0.0,25.955587,0.0,27.301289,34.2813,25.98248,0.0,0.0,0.0
0.0,0.0,27.73985,0.0,29.20642,35.902466,26.813774,0.0,0.0,0.0
0.0,0.0,28.358997,0.0,30.046091,36.87187,27.64996,0.0,0.0,0.0
0.0,0.0,29.059542,0.0,30.788311,37.65417,28.906298,3.8500073,0.0,0.0
0.0,0.0,29.687061,0.0,31.840082,38.769505,30.224834,6.2348413,0.0,0.0
0.0,0.0,30.046093,0.0,32.7211,39.84563,31.670292,8.061804,0.0,0.0
0.0,0.0,30.657297,0.0,33.41746,40.791275,32.96395,8.836362,0.0,0.0
0.0,7.2132263,31.92666,5.3241663,34.077694,41.506504,34.00839,9.815437,0.0,0.0
0.0,12.1260805,33.694565,9.23132,35.139744,42.47664,35.118835,11.295875,0.0,0.0
0.0,16.548836,35.8258,13.039992,36.52839,43.675213,36.339592,13.343154,0.0,0.0
0.0,19.808884,37.858665,16.701195,38.294384,45.200813,37.938454,15.741584,5.167089,0.0
0.0,23.699429,40.017696,19.848135,39.97046,46.619595,39.574608,18.0824,7.7885666,0.0
0.0,26.245989,41.47265,22.00826,41.394638,48.02099,41.14197,19.969881,9.970591,0.0
0.0,28.787466,43.16529,24.612381,43.159077,49.599686,42.82226,22.025433,12.256336,0.0
0.0,31.156174,44.729553,26.794506,44.644802,50.944885,44.186337,23.891457,14.2533455,0.0
0.0,33.30376,46.144073,28.603094,45.90289,52.10794,45.45663,25.503246,15.902083,0.0
0.0,35.105873,47.373104,30.253767,47.140568,53.27915,46.664772,27.020004,17.718422,0.0
0.0,37.153572,48.97263,32.36696,48.640404,54.58036,47.97729,28.69079,19.247747,0.0
0.0,38.62035,50.482563,34.629154,50.379955,56.121704,49.336475,30.31233,20.26981,0.0
0.0,39.285652,51.022465,35.605797,51.38011,57.258,50.53629,31.356136,21.170692,0.0
0.0,40.996548,52.415462,37.130737,52.35179,58.004704,50.960285,31.834663,21.714657,0.0
0.0,42.831017,54.164944,39.51775,54.08959,59.31358,51.953945,33.481667,22.493706,0.0
0.0,44.44336,55.54675,41.186317,55.29242,60.30372,53.08114,35.123886,23.747297,0.0
0.0,46.118034,56.799862,42.594593,56.4127,61.372715,54.250195,36.617973,25.180103,6.204552
0.0,47.94969,58.194416,44.188797,57.723557,62.65002,55.618587,38.213085,26.933638,9.911263
0.0,49.761703,59.723816,45.927826,59.079994,63.872757,56.973175,39.832466,28.451439,12.382525
0.0,50.856186,60.875248,47.563747,60.457058,65.09721,58.35873,41.344704,29.440493,13.761116
0.0,51.09996,61.244644,48.5447,61.642647,66.465195,59.694855,42.30557,30.370028,15.125876
0.0,51.311134,61.768204,49.762276,62.965572,67.87931,61.04831,43.479786,31.638445,16.90523
0.0,51.786034,62.60355,51.207558,64.37562,69.28429,62.444534,44.72834,33.03333,18.799458
0.0,52.419765,63.46941,52.57116,65.67207,70.557236,63.67575,45.864285,34.207165,20.319124
0.0,53.264214,64.32355,53.74032,66.768486,71.65779,64.8174,46.854576,35.46358,21.931322
0.0,54.481823,65.199486,54.710136,67.66258,72.58106,65.74212,47.762478,36.346634,23.055864
0.0,55.78167,65.91498,55.313175,68.27471,73.29516,66.36022,48.173653,36.807117,23.68984
0.0,57.029507,66.79473,56.083714,68.92846,73.97694,66.907776,48.68479,37.34281,24.4132
0.0,57.445953,67.50915,57.20689,69.99942,75.018,67.837685,49.563744,38.044678,25.236
0.0,57.77483,68.21813,58.471428,71.23156,76.15286,68.916504,50.60326,38.739304,25.936735
0.0,58.42306,69.14405,59.853745,72.523094,77.324455,69.915405,51.604633,39.4959,26.827803
0.0,58.87796,69.70812,60.8157,73.54528,78.35725,70.92271,52.522156,40.24084,27.696217
0.0,59.951645,70.60332,61.735638,74.32009,79.1124,71.52007,52.973106,40.694836,28.185272
10.448429,61.569233,71.96949,63.155205,75.49445,80.16411,72.32636,53.894276,40.94562,28.49255
14.980801,62.91596,73.08849,64.35563,76.52993,81.11554,73.58072,55.35724,42.023983,29.686243
17.897564,63.923664,73.82974,65.09536,77.20554,81.80528,74.27443,56.12837,42.912735,30.739122
19.70832,64.7119,74.657524,66.20553,78.29917,82.8824,75.39543,57.274685,43.66228,31.582438
22.531506,66.06287,76.01285,67.7401,79.59806,84.0089,76.63074,58.819946,44.838947,32.861977
25.53686,67.546844,77.36106,69.170525,80.808876,85.08014,77.75253,60.27544,46.376675,34.611664
28.892206,69.16787,78.6563,70.52113,82.00669,86.20641,78.90564,61.632572,47.667805,35.957047
32.324123,70.98507,80.11175,71.909035,83.17654,87.28113,80.062546,63.005226,49.075653,37.49219
35.52438,72.747925,81.54437,73.341255,84.43391,88.481155,81.39389,64.47733,50.72597,39.275013
37.86686,74.208206,82.8971,74.78353,85.71375,89.69072,82.71663,66.04189,52.297794,40.855904
39.700077,75.43149,84.260796,76.38468,87.099434,90.89111,83.90345,67.344215,52.596973,41.062225
41.755657,76.65695,85.373314,77.62154,88.2395,92.00839,84.521324,67.870346,52.7249,41.170246
